   0.100E-01    0.340E+03   -0.277E+03    0.624E+02
   0.200E-01    0.355E+03   -0.277E+03    0.775E+02
   0.300E-01    0.306E+03   -0.277E+03    0.285E+02
   0.400E-01    0.343E+03   -0.277E+03    0.659E+02
   0.500E-01    0.314E+03   -0.277E+03    0.367E+02
   0.600E-01    0.326E+03   -0.277E+03    0.493E+02
   0.700E-01    0.281E+03   -0.277E+03    0.382E+01
   0.800E-01    0.351E+03   -0.277E+03    0.741E+02
   0.900E-01    0.297E+03   -0.277E+03    0.196E+02
   0.100E+00    0.343E+03   -0.277E+03    0.653E+02
   0.110E+00    0.329E+03   -0.277E+03    0.525E+02
   0.120E+00    0.306E+03   -0.277E+03    0.295E+02
   0.130E+00    0.308E+03   -0.277E+03    0.310E+02
   0.140E+00    0.372E+03   -0.277E+03    0.953E+02
   0.150E+00    0.292E+03   -0.276E+03    0.160E+02
   0.160E+00    0.396E+03   -0.276E+03    0.120E+03
   0.170E+00    0.328E+03   -0.276E+03    0.517E+02
   0.180E+00    0.371E+03   -0.276E+03    0.950E+02
   0.190E+00    0.306E+03   -0.276E+03    0.302E+02
   0.200E+00    0.345E+03   -0.275E+03    0.697E+02
   0.210E+00    0.299E+03   -0.275E+03    0.235E+02
   0.220E+00    0.309E+03   -0.275E+03    0.335E+02
   0.230E+00    0.280E+03   -0.275E+03    0.522E+01
   0.240E+00    0.331E+03   -0.275E+03    0.560E+02
   0.250E+00    0.312E+03   -0.275E+03    0.378E+02
   0.260E+00    0.334E+03   -0.274E+03    0.594E+02
   0.270E+00    0.345E+03   -0.274E+03    0.716E+02
   0.280E+00    0.306E+03   -0.274E+03    0.322E+02
   0.290E+00    0.341E+03   -0.274E+03    0.665E+02
   0.300E+00    0.328E+03   -0.274E+03    0.536E+02
   0.310E+00    0.336E+03   -0.274E+03    0.619E+02
   0.320E+00    0.378E+03   -0.274E+03    0.104E+03
   0.330E+00    0.326E+03   -0.273E+03    0.526E+02
   0.340E+00    0.335E+03   -0.273E+03    0.617E+02
   0.350E+00    0.399E+03   -0.273E+03    0.126E+03
   0.360E+00    0.331E+03   -0.273E+03    0.583E+02
   0.370E+00    0.373E+03   -0.273E+03    0.100E+03
   0.380E+00    0.305E+03   -0.273E+03    0.322E+02
   0.390E+00    0.289E+03   -0.272E+03    0.171E+02
   0.400E+00    0.327E+03   -0.273E+03    0.540E+02
   0.410E+00    0.341E+03   -0.272E+03    0.683E+02
   0.420E+00    0.386E+03   -0.272E+03    0.113E+03
   0.430E+00    0.309E+03   -0.272E+03    0.372E+02
   0.440E+00    0.378E+03   -0.272E+03    0.106E+03
   0.450E+00    0.323E+03   -0.271E+03    0.520E+02
   0.460E+00    0.334E+03   -0.271E+03    0.627E+02
   0.470E+00    0.390E+03   -0.271E+03    0.119E+03
   0.480E+00    0.357E+03   -0.271E+03    0.862E+02
   0.490E+00    0.321E+03   -0.271E+03    0.494E+02
   0.500E+00    0.326E+03   -0.272E+03    0.542E+02
   0.510E+00    0.279E+03   -0.272E+03    0.734E+01
   0.520E+00    0.346E+03   -0.272E+03    0.742E+02
   0.530E+00    0.361E+03   -0.272E+03    0.892E+02
   0.540E+00    0.315E+03   -0.272E+03    0.428E+02
   0.550E+00    0.338E+03   -0.271E+03    0.668E+02
   0.560E+00    0.331E+03   -0.271E+03    0.596E+02
   0.570E+00    0.315E+03   -0.272E+03    0.435E+02
   0.580E+00    0.345E+03   -0.272E+03    0.736E+02
   0.590E+00    0.324E+03   -0.272E+03    0.526E+02
   0.600E+00    0.352E+03   -0.272E+03    0.803E+02
   0.610E+00    0.386E+03   -0.272E+03    0.114E+03
   0.620E+00    0.334E+03   -0.272E+03    0.626E+02
   0.630E+00    0.350E+03   -0.271E+03    0.781E+02
   0.640E+00    0.263E+03   -0.271E+03   -0.814E+01
   0.650E+00    0.300E+03   -0.271E+03    0.290E+02
   0.660E+00    0.344E+03   -0.271E+03    0.737E+02
   0.670E+00    0.387E+03   -0.271E+03    0.116E+03
   0.680E+00    0.334E+03   -0.271E+03    0.626E+02
   0.690E+00    0.338E+03   -0.271E+03    0.673E+02
   0.700E+00    0.329E+03   -0.271E+03    0.582E+02
   0.710E+00    0.362E+03   -0.271E+03    0.911E+02
   0.720E+00    0.342E+03   -0.270E+03    0.722E+02
   0.730E+00    0.335E+03   -0.270E+03    0.656E+02
   0.740E+00    0.325E+03   -0.269E+03    0.559E+02
   0.750E+00    0.378E+03   -0.269E+03    0.109E+03
   0.760E+00    0.346E+03   -0.269E+03    0.773E+02
   0.770E+00    0.336E+03   -0.269E+03    0.672E+02
   0.780E+00    0.310E+03   -0.269E+03    0.410E+02
   0.790E+00    0.369E+03   -0.269E+03    0.101E+03
   0.800E+00    0.361E+03   -0.268E+03    0.930E+02
   0.810E+00    0.360E+03   -0.268E+03    0.929E+02
   0.820E+00    0.374E+03   -0.268E+03    0.107E+03
   0.830E+00    0.382E+03   -0.267E+03    0.115E+03
   0.840E+00    0.396E+03   -0.267E+03    0.129E+03
   0.850E+00    0.334E+03   -0.267E+03    0.677E+02
   0.860E+00    0.368E+03   -0.266E+03    0.101E+03
   0.870E+00    0.290E+03   -0.266E+03    0.242E+02
   0.880E+00    0.307E+03   -0.266E+03    0.406E+02
   0.890E+00    0.414E+03   -0.266E+03    0.147E+03
   0.900E+00    0.328E+03   -0.266E+03    0.620E+02
   0.910E+00    0.308E+03   -0.266E+03    0.418E+02
   0.920E+00    0.327E+03   -0.266E+03    0.613E+02
   0.930E+00    0.307E+03   -0.266E+03    0.412E+02
   0.940E+00    0.353E+03   -0.266E+03    0.870E+02
   0.950E+00    0.376E+03   -0.265E+03    0.111E+03
   0.960E+00    0.354E+03   -0.265E+03    0.893E+02
   0.970E+00    0.324E+03   -0.264E+03    0.602E+02
   0.980E+00    0.313E+03   -0.264E+03    0.484E+02
   0.990E+00    0.368E+03   -0.264E+03    0.104E+03
   0.100E+01    0.349E+03   -0.264E+03    0.851E+02
   0.101E+01    0.346E+03   -0.264E+03    0.813E+02
   0.102E+01    0.388E+03   -0.264E+03    0.124E+03
   0.103E+01    0.342E+03   -0.264E+03    0.785E+02
   0.104E+01    0.373E+03   -0.263E+03    0.110E+03
   0.105E+01    0.330E+03   -0.263E+03    0.672E+02
   0.106E+01    0.297E+03   -0.263E+03    0.335E+02
   0.107E+01    0.350E+03   -0.264E+03    0.867E+02
   0.108E+01    0.338E+03   -0.262E+03    0.755E+02
   0.109E+01    0.354E+03   -0.262E+03    0.918E+02
   0.110E+01    0.333E+03   -0.262E+03    0.708E+02
   0.111E+01    0.288E+03   -0.262E+03    0.262E+02
   0.112E+01    0.306E+03   -0.262E+03    0.444E+02
   0.113E+01    0.329E+03   -0.262E+03    0.669E+02
   0.114E+01    0.292E+03   -0.262E+03    0.298E+02
   0.115E+01    0.301E+03   -0.261E+03    0.399E+02
   0.116E+01    0.321E+03   -0.261E+03    0.599E+02
   0.117E+01    0.336E+03   -0.261E+03    0.751E+02
   0.118E+01    0.344E+03   -0.261E+03    0.828E+02
   0.119E+01    0.352E+03   -0.260E+03    0.915E+02
   0.120E+01    0.341E+03   -0.259E+03    0.826E+02
   0.121E+01    0.314E+03   -0.258E+03    0.564E+02
   0.122E+01    0.324E+03   -0.258E+03    0.654E+02
   0.123E+01    0.384E+03   -0.258E+03    0.126E+03
   0.124E+01    0.333E+03   -0.257E+03    0.759E+02
   0.125E+01    0.303E+03   -0.256E+03    0.467E+02
   0.126E+01    0.330E+03   -0.256E+03    0.741E+02
   0.127E+01    0.352E+03   -0.255E+03    0.966E+02
   0.128E+01    0.316E+03   -0.255E+03    0.614E+02
   0.129E+01    0.353E+03   -0.253E+03    0.996E+02
   0.130E+01    0.401E+03   -0.253E+03    0.148E+03
   0.131E+01    0.317E+03   -0.252E+03    0.648E+02
   0.132E+01    0.329E+03   -0.251E+03    0.773E+02
   0.133E+01    0.310E+03   -0.253E+03    0.571E+02
   0.134E+01    0.307E+03   -0.250E+03    0.569E+02
   0.135E+01    0.337E+03   -0.250E+03    0.863E+02
   0.136E+01    0.433E+03   -0.250E+03    0.183E+03
   0.137E+01    0.316E+03   -0.250E+03    0.661E+02
   0.138E+01    0.355E+03   -0.249E+03    0.106E+03
   0.139E+01    0.334E+03   -0.250E+03    0.836E+02
   0.140E+01    0.318E+03   -0.250E+03    0.678E+02
   0.141E+01    0.340E+03   -0.251E+03    0.893E+02
   0.142E+01    0.324E+03   -0.249E+03    0.753E+02
   0.143E+01    0.310E+03   -0.249E+03    0.613E+02
   0.144E+01    0.347E+03   -0.250E+03    0.974E+02
   0.145E+01    0.352E+03   -0.250E+03    0.102E+03
   0.146E+01    0.334E+03   -0.249E+03    0.856E+02
   0.147E+01    0.292E+03   -0.247E+03    0.451E+02
   0.148E+01    0.352E+03   -0.245E+03    0.108E+03
   0.149E+01    0.351E+03   -0.244E+03    0.107E+03
   0.150E+01    0.333E+03   -0.243E+03    0.900E+02
   0.151E+01    0.380E+03   -0.240E+03    0.140E+03
   0.152E+01    0.353E+03   -0.241E+03    0.113E+03
   0.153E+01    0.302E+03   -0.237E+03    0.652E+02
   0.154E+01    0.331E+03   -0.232E+03    0.996E+02
   0.155E+01    0.394E+03   -0.234E+03    0.161E+03
   0.156E+01    0.392E+03   -0.236E+03    0.156E+03
   0.157E+01    0.317E+03   -0.236E+03    0.811E+02
   0.158E+01    0.275E+03   -0.239E+03    0.360E+02
   0.159E+01    0.322E+03   -0.241E+03    0.815E+02
   0.160E+01    0.336E+03   -0.239E+03    0.964E+02
   0.161E+01    0.349E+03   -0.239E+03    0.109E+03
   0.162E+01    0.320E+03   -0.238E+03    0.819E+02
   0.163E+01    0.353E+03   -0.239E+03    0.114E+03
   0.164E+01    0.358E+03   -0.239E+03    0.119E+03
   0.165E+01    0.345E+03   -0.239E+03    0.106E+03
   0.166E+01    0.396E+03   -0.239E+03    0.157E+03
   0.167E+01    0.301E+03   -0.240E+03    0.604E+02
   0.168E+01    0.379E+03   -0.241E+03    0.139E+03
   0.169E+01    0.312E+03   -0.238E+03    0.735E+02
   0.170E+01    0.309E+03   -0.239E+03    0.698E+02
   0.171E+01    0.372E+03   -0.238E+03    0.134E+03
   0.172E+01    0.339E+03   -0.238E+03    0.100E+03
   0.173E+01    0.337E+03   -0.237E+03    0.100E+03
   0.174E+01    0.361E+03   -0.237E+03    0.124E+03
   0.175E+01    0.366E+03   -0.238E+03    0.128E+03
   0.176E+01    0.359E+03   -0.238E+03    0.121E+03
   0.177E+01    0.392E+03   -0.239E+03    0.152E+03
   0.178E+01    0.369E+03   -0.238E+03    0.130E+03
   0.179E+01    0.292E+03   -0.237E+03    0.545E+02
   0.180E+01    0.325E+03   -0.237E+03    0.880E+02
   0.181E+01    0.325E+03   -0.238E+03    0.866E+02
   0.182E+01    0.313E+03   -0.241E+03    0.715E+02
   0.183E+01    0.346E+03   -0.243E+03    0.103E+03
   0.184E+01    0.301E+03   -0.243E+03    0.583E+02
   0.185E+01    0.356E+03   -0.243E+03    0.113E+03
   0.186E+01    0.423E+03   -0.243E+03    0.180E+03
   0.187E+01    0.328E+03   -0.243E+03    0.849E+02
   0.188E+01    0.323E+03   -0.243E+03    0.795E+02
   0.189E+01    0.349E+03   -0.243E+03    0.107E+03
   0.190E+01    0.281E+03   -0.244E+03    0.370E+02
   0.191E+01    0.310E+03   -0.244E+03    0.652E+02
   0.192E+01    0.323E+03   -0.246E+03    0.771E+02
   0.193E+01    0.333E+03   -0.245E+03    0.881E+02
   0.194E+01    0.317E+03   -0.244E+03    0.735E+02
   0.195E+01    0.360E+03   -0.244E+03    0.116E+03
   0.196E+01    0.376E+03   -0.243E+03    0.133E+03
   0.197E+01    0.404E+03   -0.242E+03    0.161E+03
   0.198E+01    0.334E+03   -0.242E+03    0.916E+02
   0.199E+01    0.398E+03   -0.241E+03    0.158E+03
   0.200E+01    0.329E+03   -0.242E+03    0.870E+02
   0.201E+01    0.360E+03   -0.238E+03    0.122E+03
   0.202E+01    0.404E+03   -0.237E+03    0.167E+03
   0.203E+01    0.331E+03   -0.239E+03    0.925E+02
   0.204E+01    0.326E+03   -0.239E+03    0.870E+02
   0.205E+01    0.343E+03   -0.239E+03    0.105E+03
   0.206E+01    0.388E+03   -0.236E+03    0.153E+03
   0.207E+01    0.337E+03   -0.236E+03    0.101E+03
   0.208E+01    0.343E+03   -0.232E+03    0.111E+03
   0.209E+01    0.393E+03   -0.232E+03    0.161E+03
   0.210E+01    0.290E+03   -0.234E+03    0.559E+02
   0.211E+01    0.373E+03   -0.234E+03    0.139E+03
   0.212E+01    0.344E+03   -0.233E+03    0.111E+03
   0.213E+01    0.327E+03   -0.235E+03    0.914E+02
   0.214E+01    0.367E+03   -0.234E+03    0.133E+03
   0.215E+01    0.349E+03   -0.235E+03    0.113E+03
   0.216E+01    0.319E+03   -0.237E+03    0.820E+02
   0.217E+01    0.331E+03   -0.236E+03    0.942E+02
   0.218E+01    0.343E+03   -0.235E+03    0.108E+03
   0.219E+01    0.346E+03   -0.236E+03    0.111E+03
   0.220E+01    0.295E+03   -0.236E+03    0.584E+02
   0.221E+01    0.337E+03   -0.235E+03    0.102E+03
   0.222E+01    0.334E+03   -0.235E+03    0.995E+02
   0.223E+01    0.346E+03   -0.234E+03    0.112E+03
   0.224E+01    0.374E+03   -0.236E+03    0.138E+03
   0.225E+01    0.379E+03   -0.239E+03    0.140E+03
   0.226E+01    0.338E+03   -0.241E+03    0.970E+02
   0.227E+01    0.321E+03   -0.238E+03    0.838E+02
   0.228E+01    0.311E+03   -0.238E+03    0.725E+02
   0.229E+01    0.315E+03   -0.235E+03    0.796E+02
   0.230E+01    0.334E+03   -0.236E+03    0.981E+02
   0.231E+01    0.354E+03   -0.237E+03    0.117E+03
   0.232E+01    0.382E+03   -0.236E+03    0.146E+03
   0.233E+01    0.349E+03   -0.236E+03    0.114E+03
   0.234E+01    0.352E+03   -0.236E+03    0.117E+03
   0.235E+01    0.382E+03   -0.234E+03    0.148E+03
   0.236E+01    0.359E+03   -0.232E+03    0.128E+03
   0.237E+01    0.323E+03   -0.228E+03    0.951E+02
   0.238E+01    0.342E+03   -0.228E+03    0.114E+03
   0.239E+01    0.346E+03   -0.226E+03    0.119E+03
   0.240E+01    0.304E+03   -0.226E+03    0.782E+02
   0.241E+01    0.320E+03   -0.228E+03    0.922E+02
   0.242E+01    0.335E+03   -0.228E+03    0.107E+03
   0.243E+01    0.283E+03   -0.228E+03    0.551E+02
   0.244E+01    0.362E+03   -0.227E+03    0.134E+03
   0.245E+01    0.324E+03   -0.229E+03    0.947E+02
   0.246E+01    0.394E+03   -0.232E+03    0.162E+03
   0.247E+01    0.355E+03   -0.230E+03    0.125E+03
   0.248E+01    0.375E+03   -0.231E+03    0.144E+03
   0.249E+01    0.308E+03   -0.231E+03    0.774E+02
   0.250E+01    0.276E+03   -0.232E+03    0.438E+02
   0.251E+01    0.372E+03   -0.231E+03    0.141E+03
   0.252E+01    0.407E+03   -0.231E+03    0.177E+03
   0.253E+01    0.400E+03   -0.231E+03    0.169E+03
   0.254E+01    0.338E+03   -0.232E+03    0.105E+03
   0.255E+01    0.395E+03   -0.233E+03    0.162E+03
   0.256E+01    0.374E+03   -0.233E+03    0.141E+03
   0.257E+01    0.336E+03   -0.232E+03    0.104E+03
   0.258E+01    0.307E+03   -0.230E+03    0.766E+02
   0.259E+01    0.320E+03   -0.229E+03    0.906E+02
   0.260E+01    0.317E+03   -0.230E+03    0.870E+02
   0.261E+01    0.310E+03   -0.229E+03    0.813E+02
   0.262E+01    0.343E+03   -0.230E+03    0.113E+03
   0.263E+01    0.360E+03   -0.231E+03    0.130E+03
   0.264E+01    0.333E+03   -0.231E+03    0.103E+03
   0.265E+01    0.323E+03   -0.229E+03    0.941E+02
   0.266E+01    0.317E+03   -0.231E+03    0.865E+02
   0.267E+01    0.359E+03   -0.229E+03    0.130E+03
   0.268E+01    0.363E+03   -0.227E+03    0.136E+03
   0.269E+01    0.326E+03   -0.227E+03    0.996E+02
   0.270E+01    0.368E+03   -0.230E+03    0.138E+03
   0.271E+01    0.345E+03   -0.229E+03    0.116E+03
   0.272E+01    0.382E+03   -0.230E+03    0.152E+03
   0.273E+01    0.324E+03   -0.230E+03    0.940E+02
   0.274E+01    0.301E+03   -0.233E+03    0.677E+02
   0.275E+01    0.408E+03   -0.236E+03    0.172E+03
   0.276E+01    0.318E+03   -0.236E+03    0.812E+02
   0.277E+01    0.350E+03   -0.237E+03    0.114E+03
   0.278E+01    0.336E+03   -0.237E+03    0.984E+02
   0.279E+01    0.336E+03   -0.237E+03    0.987E+02
   0.280E+01    0.326E+03   -0.236E+03    0.898E+02
   0.281E+01    0.364E+03   -0.235E+03    0.129E+03
   0.282E+01    0.351E+03   -0.231E+03    0.120E+03
   0.283E+01    0.262E+03   -0.230E+03    0.323E+02
   0.284E+01    0.311E+03   -0.232E+03    0.793E+02
   0.285E+01    0.261E+03   -0.231E+03    0.300E+02
   0.286E+01    0.355E+03   -0.232E+03    0.123E+03
   0.287E+01    0.342E+03   -0.233E+03    0.109E+03
   0.288E+01    0.401E+03   -0.233E+03    0.168E+03
   0.289E+01    0.347E+03   -0.234E+03    0.112E+03
   0.290E+01    0.347E+03   -0.235E+03    0.112E+03
   0.291E+01    0.340E+03   -0.237E+03    0.103E+03
   0.292E+01    0.330E+03   -0.236E+03    0.937E+02
   0.293E+01    0.297E+03   -0.236E+03    0.606E+02
   0.294E+01    0.384E+03   -0.240E+03    0.144E+03
   0.295E+01    0.352E+03   -0.241E+03    0.112E+03
   0.296E+01    0.342E+03   -0.241E+03    0.102E+03
   0.297E+01    0.322E+03   -0.241E+03    0.810E+02
   0.298E+01    0.345E+03   -0.241E+03    0.103E+03
   0.299E+01    0.281E+03   -0.242E+03    0.391E+02
   0.300E+01    0.367E+03   -0.243E+03    0.124E+03
   0.301E+01    0.364E+03   -0.244E+03    0.120E+03
   0.302E+01    0.342E+03   -0.244E+03    0.979E+02
   0.303E+01    0.304E+03   -0.244E+03    0.605E+02
   0.304E+01    0.273E+03   -0.244E+03    0.289E+02
   0.305E+01    0.326E+03   -0.243E+03    0.827E+02
   0.306E+01    0.347E+03   -0.241E+03    0.106E+03
   0.307E+01    0.313E+03   -0.240E+03    0.725E+02
   0.308E+01    0.328E+03   -0.241E+03    0.878E+02
   0.309E+01    0.300E+03   -0.242E+03    0.575E+02
   0.310E+01    0.340E+03   -0.243E+03    0.979E+02
   0.311E+01    0.348E+03   -0.241E+03    0.106E+03
   0.312E+01    0.328E+03   -0.241E+03    0.868E+02
   0.313E+01    0.376E+03   -0.241E+03    0.135E+03
   0.314E+01    0.337E+03   -0.241E+03    0.955E+02
   0.315E+01    0.334E+03   -0.241E+03    0.924E+02
   0.316E+01    0.325E+03   -0.243E+03    0.817E+02
   0.317E+01    0.313E+03   -0.243E+03    0.703E+02
   0.318E+01    0.317E+03   -0.243E+03    0.740E+02
   0.319E+01    0.357E+03   -0.241E+03    0.116E+03
   0.320E+01    0.358E+03   -0.241E+03    0.117E+03
   0.321E+01    0.397E+03   -0.239E+03    0.157E+03
   0.322E+01    0.343E+03   -0.238E+03    0.105E+03
   0.323E+01    0.380E+03   -0.238E+03    0.142E+03
   0.324E+01    0.316E+03   -0.238E+03    0.788E+02
   0.325E+01    0.316E+03   -0.237E+03    0.783E+02
   0.326E+01    0.352E+03   -0.237E+03    0.114E+03
   0.327E+01    0.304E+03   -0.236E+03    0.687E+02
   0.328E+01    0.329E+03   -0.238E+03    0.909E+02
   0.329E+01    0.335E+03   -0.238E+03    0.972E+02
   0.330E+01    0.340E+03   -0.236E+03    0.104E+03
   0.331E+01    0.385E+03   -0.235E+03    0.150E+03
   0.332E+01    0.353E+03   -0.234E+03    0.119E+03
   0.333E+01    0.321E+03   -0.235E+03    0.857E+02
   0.334E+01    0.311E+03   -0.237E+03    0.739E+02
   0.335E+01    0.318E+03   -0.233E+03    0.847E+02
   0.336E+01    0.327E+03   -0.234E+03    0.926E+02
   0.337E+01    0.378E+03   -0.235E+03    0.143E+03
   0.338E+01    0.334E+03   -0.234E+03    0.993E+02
   0.339E+01    0.324E+03   -0.233E+03    0.913E+02
   0.340E+01    0.315E+03   -0.230E+03    0.845E+02
   0.341E+01    0.303E+03   -0.232E+03    0.718E+02
   0.342E+01    0.272E+03   -0.233E+03    0.393E+02
   0.343E+01    0.307E+03   -0.230E+03    0.775E+02
   0.344E+01    0.361E+03   -0.229E+03    0.133E+03
   0.345E+01    0.321E+03   -0.226E+03    0.947E+02
   0.346E+01    0.299E+03   -0.226E+03    0.722E+02
   0.347E+01    0.309E+03   -0.226E+03    0.828E+02
   0.348E+01    0.297E+03   -0.223E+03    0.743E+02
   0.349E+01    0.375E+03   -0.223E+03    0.151E+03
   0.350E+01    0.382E+03   -0.219E+03    0.162E+03
   0.351E+01    0.366E+03   -0.220E+03    0.146E+03
   0.352E+01    0.319E+03   -0.222E+03    0.969E+02
   0.353E+01    0.339E+03   -0.220E+03    0.119E+03
   0.354E+01    0.403E+03   -0.217E+03    0.186E+03
   0.355E+01    0.334E+03   -0.214E+03    0.120E+03
   0.356E+01    0.308E+03   -0.207E+03    0.101E+03
   0.357E+01    0.307E+03   -0.209E+03    0.980E+02
   0.358E+01    0.407E+03   -0.210E+03    0.198E+03
   0.359E+01    0.385E+03   -0.214E+03    0.170E+03
   0.360E+01    0.288E+03   -0.218E+03    0.705E+02
   0.361E+01    0.410E+03   -0.222E+03    0.188E+03
   0.362E+01    0.371E+03   -0.223E+03    0.149E+03
   0.363E+01    0.361E+03   -0.223E+03    0.138E+03
   0.364E+01    0.320E+03   -0.223E+03    0.974E+02
   0.365E+01    0.349E+03   -0.221E+03    0.127E+03
   0.366E+01    0.390E+03   -0.220E+03    0.171E+03
   0.367E+01    0.376E+03   -0.222E+03    0.154E+03
   0.368E+01    0.405E+03   -0.217E+03    0.187E+03
   0.369E+01    0.359E+03   -0.215E+03    0.145E+03
   0.370E+01    0.343E+03   -0.214E+03    0.129E+03
   0.371E+01    0.316E+03   -0.212E+03    0.104E+03
   0.372E+01    0.352E+03   -0.208E+03    0.145E+03
   0.373E+01    0.361E+03   -0.203E+03    0.158E+03
   0.374E+01    0.356E+03   -0.197E+03    0.159E+03
   0.375E+01    0.381E+03   -0.198E+03    0.183E+03
   0.376E+01    0.323E+03   -0.195E+03    0.128E+03
   0.377E+01    0.387E+03   -0.201E+03    0.186E+03
   0.378E+01    0.322E+03   -0.204E+03    0.118E+03
   0.379E+01    0.320E+03   -0.203E+03    0.117E+03
   0.380E+01    0.401E+03   -0.204E+03    0.197E+03
   0.381E+01    0.311E+03   -0.209E+03    0.102E+03
   0.382E+01    0.411E+03   -0.214E+03    0.198E+03
   0.383E+01    0.324E+03   -0.211E+03    0.113E+03
   0.384E+01    0.354E+03   -0.213E+03    0.142E+03
   0.385E+01    0.303E+03   -0.211E+03    0.919E+02
   0.386E+01    0.337E+03   -0.216E+03    0.121E+03
   0.387E+01    0.367E+03   -0.213E+03    0.154E+03
   0.388E+01    0.347E+03   -0.208E+03    0.139E+03
   0.389E+01    0.335E+03   -0.203E+03    0.132E+03
   0.390E+01    0.326E+03   -0.206E+03    0.120E+03
   0.391E+01    0.335E+03   -0.207E+03    0.128E+03
   0.392E+01    0.394E+03   -0.213E+03    0.181E+03
   0.393E+01    0.367E+03   -0.213E+03    0.154E+03
   0.394E+01    0.323E+03   -0.215E+03    0.107E+03
   0.395E+01    0.332E+03   -0.213E+03    0.119E+03
   0.396E+01    0.346E+03   -0.212E+03    0.133E+03
   0.397E+01    0.347E+03   -0.212E+03    0.135E+03
   0.398E+01    0.370E+03   -0.210E+03    0.160E+03
   0.399E+01    0.340E+03   -0.214E+03    0.126E+03
   0.400E+01    0.336E+03   -0.216E+03    0.120E+03
   0.401E+01    0.331E+03   -0.217E+03    0.114E+03
   0.402E+01    0.381E+03   -0.218E+03    0.163E+03
   0.403E+01    0.392E+03   -0.220E+03    0.171E+03
   0.404E+01    0.333E+03   -0.220E+03    0.113E+03
   0.405E+01    0.372E+03   -0.220E+03    0.152E+03
   0.406E+01    0.343E+03   -0.222E+03    0.121E+03
   0.407E+01    0.272E+03   -0.221E+03    0.507E+02
   0.408E+01    0.323E+03   -0.222E+03    0.100E+03
   0.409E+01    0.346E+03   -0.220E+03    0.126E+03
   0.410E+01    0.328E+03   -0.216E+03    0.112E+03
   0.411E+01    0.338E+03   -0.216E+03    0.122E+03
   0.412E+01    0.328E+03   -0.213E+03    0.114E+03
   0.413E+01    0.344E+03   -0.215E+03    0.129E+03
   0.414E+01    0.276E+03   -0.215E+03    0.613E+02
   0.415E+01    0.385E+03   -0.215E+03    0.171E+03
   0.416E+01    0.339E+03   -0.211E+03    0.128E+03
   0.417E+01    0.341E+03   -0.214E+03    0.128E+03
   0.418E+01    0.318E+03   -0.215E+03    0.103E+03
   0.419E+01    0.340E+03   -0.211E+03    0.130E+03
   0.420E+01    0.277E+03   -0.211E+03    0.661E+02
   0.421E+01    0.251E+03   -0.213E+03    0.388E+02
   0.422E+01    0.348E+03   -0.213E+03    0.135E+03
   0.423E+01    0.416E+03   -0.213E+03    0.203E+03
   0.424E+01    0.332E+03   -0.215E+03    0.117E+03
   0.425E+01    0.274E+03   -0.214E+03    0.596E+02
   0.426E+01    0.316E+03   -0.217E+03    0.987E+02
   0.427E+01    0.409E+03   -0.218E+03    0.192E+03
   0.428E+01    0.314E+03   -0.220E+03    0.938E+02
   0.429E+01    0.345E+03   -0.223E+03    0.123E+03
   0.430E+01    0.390E+03   -0.225E+03    0.165E+03
   0.431E+01    0.335E+03   -0.222E+03    0.113E+03
   0.432E+01    0.321E+03   -0.221E+03    0.993E+02
   0.433E+01    0.351E+03   -0.216E+03    0.136E+03
   0.434E+01    0.383E+03   -0.217E+03    0.166E+03
   0.435E+01    0.314E+03   -0.208E+03    0.106E+03
   0.436E+01    0.296E+03   -0.213E+03    0.830E+02
   0.437E+01    0.428E+03   -0.214E+03    0.214E+03
   0.438E+01    0.295E+03   -0.217E+03    0.786E+02
   0.439E+01    0.345E+03   -0.217E+03    0.128E+03
   0.440E+01    0.326E+03   -0.216E+03    0.110E+03
   0.441E+01    0.295E+03   -0.214E+03    0.810E+02
   0.442E+01    0.264E+03   -0.213E+03    0.504E+02
   0.443E+01    0.324E+03   -0.213E+03    0.111E+03
   0.444E+01    0.302E+03   -0.215E+03    0.871E+02
   0.445E+01    0.395E+03   -0.213E+03    0.182E+03
   0.446E+01    0.396E+03   -0.207E+03    0.189E+03
   0.447E+01    0.323E+03   -0.207E+03    0.116E+03
   0.448E+01    0.420E+03   -0.203E+03    0.217E+03
   0.449E+01    0.356E+03   -0.202E+03    0.154E+03
   0.450E+01    0.290E+03   -0.209E+03    0.812E+02
   0.451E+01    0.309E+03   -0.211E+03    0.979E+02
   0.452E+01    0.362E+03   -0.210E+03    0.152E+03
   0.453E+01    0.356E+03   -0.209E+03    0.147E+03
   0.454E+01    0.362E+03   -0.208E+03    0.154E+03
   0.455E+01    0.338E+03   -0.211E+03    0.127E+03
   0.456E+01    0.289E+03   -0.214E+03    0.755E+02
   0.457E+01    0.366E+03   -0.208E+03    0.158E+03
   0.458E+01    0.346E+03   -0.207E+03    0.138E+03
   0.459E+01    0.402E+03   -0.208E+03    0.194E+03
   0.460E+01    0.315E+03   -0.204E+03    0.111E+03
   0.461E+01    0.319E+03   -0.205E+03    0.114E+03
   0.462E+01    0.330E+03   -0.196E+03    0.135E+03
   0.463E+01    0.332E+03   -0.199E+03    0.133E+03
   0.464E+01    0.329E+03   -0.188E+03    0.140E+03
   0.465E+01    0.322E+03   -0.185E+03    0.136E+03
   0.466E+01    0.353E+03   -0.193E+03    0.160E+03
   0.467E+01    0.325E+03   -0.183E+03    0.142E+03
   0.468E+01    0.333E+03   -0.175E+03    0.158E+03
   0.469E+01    0.328E+03   -0.184E+03    0.144E+03
   0.470E+01    0.350E+03   -0.169E+03    0.181E+03
   0.471E+01    0.362E+03   -0.183E+03    0.179E+03
   0.472E+01    0.327E+03   -0.175E+03    0.152E+03
   0.473E+01    0.295E+03   -0.180E+03    0.115E+03
   0.474E+01    0.372E+03   -0.182E+03    0.190E+03
   0.475E+01    0.328E+03   -0.173E+03    0.154E+03
   0.476E+01    0.321E+03   -0.169E+03    0.152E+03
   0.477E+01    0.363E+03   -0.168E+03    0.195E+03
   0.478E+01    0.357E+03   -0.161E+03    0.196E+03
   0.479E+01    0.417E+03   -0.166E+03    0.252E+03
   0.480E+01    0.328E+03   -0.149E+03    0.180E+03
   0.481E+01    0.318E+03   -0.162E+03    0.155E+03
   0.482E+01    0.372E+03   -0.165E+03    0.208E+03
   0.483E+01    0.310E+03   -0.169E+03    0.141E+03
   0.484E+01    0.340E+03   -0.176E+03    0.164E+03
   0.485E+01    0.370E+03   -0.182E+03    0.187E+03
   0.486E+01    0.365E+03   -0.178E+03    0.187E+03
   0.487E+01    0.376E+03   -0.188E+03    0.188E+03
   0.488E+01    0.377E+03   -0.194E+03    0.183E+03
   0.489E+01    0.374E+03   -0.185E+03    0.189E+03
   0.490E+01    0.337E+03   -0.188E+03    0.149E+03
   0.491E+01    0.296E+03   -0.198E+03    0.979E+02
   0.492E+01    0.390E+03   -0.192E+03    0.198E+03
   0.493E+01    0.301E+03   -0.193E+03    0.108E+03
   0.494E+01    0.381E+03   -0.185E+03    0.196E+03
   0.495E+01    0.348E+03   -0.188E+03    0.160E+03
   0.496E+01    0.388E+03   -0.171E+03    0.217E+03
   0.497E+01    0.299E+03   -0.175E+03    0.125E+03
   0.498E+01    0.373E+03   -0.171E+03    0.202E+03
   0.499E+01    0.327E+03   -0.167E+03    0.159E+03
   0.500E+01    0.329E+03   -0.174E+03    0.155E+03
   0.501E+01    0.306E+03   -0.178E+03    0.128E+03
   0.502E+01    0.343E+03   -0.183E+03    0.159E+03
   0.503E+01    0.397E+03   -0.186E+03    0.211E+03
   0.504E+01    0.339E+03   -0.191E+03    0.148E+03
   0.505E+01    0.316E+03   -0.195E+03    0.121E+03
   0.506E+01    0.354E+03   -0.190E+03    0.164E+03
   0.507E+01    0.306E+03   -0.187E+03    0.119E+03
   0.508E+01    0.414E+03   -0.190E+03    0.224E+03
   0.509E+01    0.387E+03   -0.187E+03    0.200E+03
   0.510E+01    0.347E+03   -0.193E+03    0.155E+03
   0.511E+01    0.398E+03   -0.197E+03    0.201E+03
   0.512E+01    0.316E+03   -0.198E+03    0.118E+03
   0.513E+01    0.352E+03   -0.198E+03    0.154E+03
   0.514E+01    0.385E+03   -0.192E+03    0.192E+03
   0.515E+01    0.383E+03   -0.191E+03    0.191E+03
   0.516E+01    0.316E+03   -0.191E+03    0.125E+03
   0.517E+01    0.403E+03   -0.196E+03    0.207E+03
   0.518E+01    0.294E+03   -0.198E+03    0.961E+02
   0.519E+01    0.354E+03   -0.195E+03    0.159E+03
   0.520E+01    0.352E+03   -0.191E+03    0.160E+03
   0.521E+01    0.329E+03   -0.193E+03    0.137E+03
   0.522E+01    0.296E+03   -0.191E+03    0.105E+03
   0.523E+01    0.329E+03   -0.193E+03    0.137E+03
   0.524E+01    0.353E+03   -0.195E+03    0.159E+03
   0.525E+01    0.360E+03   -0.194E+03    0.166E+03
   0.526E+01    0.397E+03   -0.189E+03    0.208E+03
   0.527E+01    0.381E+03   -0.185E+03    0.196E+03
   0.528E+01    0.344E+03   -0.177E+03    0.167E+03
   0.529E+01    0.309E+03   -0.177E+03    0.132E+03
   0.530E+01    0.373E+03   -0.173E+03    0.200E+03
   0.531E+01    0.328E+03   -0.175E+03    0.153E+03
   0.532E+01    0.322E+03   -0.167E+03    0.155E+03
   0.533E+01    0.392E+03   -0.181E+03    0.211E+03
   0.534E+01    0.282E+03   -0.179E+03    0.103E+03
   0.535E+01    0.321E+03   -0.190E+03    0.131E+03
   0.536E+01    0.352E+03   -0.193E+03    0.159E+03
   0.537E+01    0.342E+03   -0.188E+03    0.154E+03
   0.538E+01    0.392E+03   -0.190E+03    0.201E+03
   0.539E+01    0.434E+03   -0.195E+03    0.239E+03
   0.540E+01    0.335E+03   -0.200E+03    0.136E+03
   0.541E+01    0.370E+03   -0.197E+03    0.173E+03
   0.542E+01    0.359E+03   -0.197E+03    0.162E+03
   0.543E+01    0.316E+03   -0.200E+03    0.116E+03
   0.544E+01    0.347E+03   -0.196E+03    0.151E+03
   0.545E+01    0.367E+03   -0.190E+03    0.177E+03
   0.546E+01    0.354E+03   -0.192E+03    0.162E+03
   0.547E+01    0.295E+03   -0.192E+03    0.103E+03
   0.548E+01    0.352E+03   -0.195E+03    0.157E+03
   0.549E+01    0.386E+03   -0.194E+03    0.192E+03
   0.550E+01    0.446E+03   -0.198E+03    0.249E+03
   0.551E+01    0.325E+03   -0.203E+03    0.122E+03
   0.552E+01    0.387E+03   -0.206E+03    0.181E+03
   0.553E+01    0.376E+03   -0.201E+03    0.175E+03
   0.554E+01    0.331E+03   -0.190E+03    0.142E+03
   0.555E+01    0.307E+03   -0.191E+03    0.116E+03
   0.556E+01    0.400E+03   -0.196E+03    0.205E+03
   0.557E+01    0.350E+03   -0.204E+03    0.146E+03
   0.558E+01    0.439E+03   -0.198E+03    0.241E+03
   0.559E+01    0.406E+03   -0.201E+03    0.206E+03
   0.560E+01    0.381E+03   -0.203E+03    0.178E+03
   0.561E+01    0.340E+03   -0.210E+03    0.130E+03
   0.562E+01    0.333E+03   -0.210E+03    0.123E+03
   0.563E+01    0.384E+03   -0.208E+03    0.177E+03
   0.564E+01    0.320E+03   -0.207E+03    0.112E+03
   0.565E+01    0.366E+03   -0.208E+03    0.158E+03
   0.566E+01    0.320E+03   -0.207E+03    0.113E+03
   0.567E+01    0.311E+03   -0.199E+03    0.112E+03
   0.568E+01    0.325E+03   -0.185E+03    0.140E+03
   0.569E+01    0.340E+03   -0.180E+03    0.160E+03
   0.570E+01    0.314E+03   -0.186E+03    0.128E+03
   0.571E+01    0.326E+03   -0.182E+03    0.143E+03
   0.572E+01    0.328E+03   -0.192E+03    0.137E+03
   0.573E+01    0.327E+03   -0.198E+03    0.128E+03
   0.574E+01    0.313E+03   -0.207E+03    0.107E+03
   0.575E+01    0.333E+03   -0.209E+03    0.124E+03
   0.576E+01    0.376E+03   -0.206E+03    0.170E+03
   0.577E+01    0.332E+03   -0.203E+03    0.129E+03
   0.578E+01    0.402E+03   -0.207E+03    0.195E+03
   0.579E+01    0.317E+03   -0.208E+03    0.109E+03
   0.580E+01    0.345E+03   -0.209E+03    0.136E+03
   0.581E+01    0.361E+03   -0.204E+03    0.157E+03
   0.582E+01    0.285E+03   -0.208E+03    0.769E+02
   0.583E+01    0.378E+03   -0.205E+03    0.173E+03
   0.584E+01    0.338E+03   -0.208E+03    0.130E+03
   0.585E+01    0.344E+03   -0.209E+03    0.135E+03
   0.586E+01    0.350E+03   -0.208E+03    0.142E+03
   0.587E+01    0.391E+03   -0.207E+03    0.184E+03
   0.588E+01    0.310E+03   -0.207E+03    0.104E+03
   0.589E+01    0.311E+03   -0.206E+03    0.105E+03
   0.590E+01    0.316E+03   -0.209E+03    0.108E+03
   0.591E+01    0.379E+03   -0.211E+03    0.169E+03
   0.592E+01    0.351E+03   -0.211E+03    0.141E+03
   0.593E+01    0.347E+03   -0.209E+03    0.139E+03
   0.594E+01    0.363E+03   -0.214E+03    0.149E+03
   0.595E+01    0.333E+03   -0.214E+03    0.119E+03
   0.596E+01    0.283E+03   -0.214E+03    0.691E+02
   0.597E+01    0.304E+03   -0.214E+03    0.908E+02
   0.598E+01    0.378E+03   -0.213E+03    0.165E+03
   0.599E+01    0.363E+03   -0.211E+03    0.152E+03
   0.600E+01    0.277E+03   -0.211E+03    0.658E+02
   0.601E+01    0.338E+03   -0.213E+03    0.126E+03
   0.602E+01    0.325E+03   -0.208E+03    0.117E+03
   0.603E+01    0.292E+03   -0.212E+03    0.801E+02
   0.604E+01    0.357E+03   -0.211E+03    0.146E+03
   0.605E+01    0.370E+03   -0.210E+03    0.161E+03
   0.606E+01    0.352E+03   -0.209E+03    0.143E+03
   0.607E+01    0.347E+03   -0.211E+03    0.136E+03
   0.608E+01    0.317E+03   -0.210E+03    0.106E+03
   0.609E+01    0.362E+03   -0.211E+03    0.151E+03
   0.610E+01    0.319E+03   -0.211E+03    0.107E+03
   0.611E+01    0.271E+03   -0.215E+03    0.555E+02
   0.612E+01    0.366E+03   -0.217E+03    0.149E+03
   0.613E+01    0.376E+03   -0.215E+03    0.161E+03
   0.614E+01    0.329E+03   -0.215E+03    0.114E+03
   0.615E+01    0.391E+03   -0.219E+03    0.172E+03
   0.616E+01    0.330E+03   -0.223E+03    0.107E+03
   0.617E+01    0.319E+03   -0.225E+03    0.941E+02
   0.618E+01    0.311E+03   -0.226E+03    0.846E+02
   0.619E+01    0.301E+03   -0.228E+03    0.736E+02
   0.620E+01    0.352E+03   -0.228E+03    0.123E+03
   0.621E+01    0.336E+03   -0.230E+03    0.106E+03
   0.622E+01    0.292E+03   -0.228E+03    0.632E+02
   0.623E+01    0.288E+03   -0.226E+03    0.615E+02
   0.624E+01    0.293E+03   -0.225E+03    0.680E+02
   0.625E+01    0.359E+03   -0.229E+03    0.130E+03
   0.626E+01    0.341E+03   -0.228E+03    0.114E+03
   0.627E+01    0.347E+03   -0.231E+03    0.116E+03
   0.628E+01    0.340E+03   -0.231E+03    0.108E+03
   0.629E+01    0.333E+03   -0.230E+03    0.103E+03
   0.630E+01    0.328E+03   -0.228E+03    0.100E+03
   0.631E+01    0.356E+03   -0.228E+03    0.128E+03
   0.632E+01    0.358E+03   -0.229E+03    0.129E+03
   0.633E+01    0.338E+03   -0.230E+03    0.108E+03
   0.634E+01    0.342E+03   -0.229E+03    0.113E+03
   0.635E+01    0.331E+03   -0.229E+03    0.102E+03
   0.636E+01    0.393E+03   -0.229E+03    0.164E+03
   0.637E+01    0.266E+03   -0.229E+03    0.372E+02
   0.638E+01    0.303E+03   -0.228E+03    0.746E+02
   0.639E+01    0.298E+03   -0.228E+03    0.704E+02
   0.640E+01    0.351E+03   -0.226E+03    0.125E+03
   0.641E+01    0.381E+03   -0.227E+03    0.154E+03
   0.642E+01    0.373E+03   -0.227E+03    0.146E+03
   0.643E+01    0.395E+03   -0.228E+03    0.167E+03
   0.644E+01    0.282E+03   -0.229E+03    0.528E+02
   0.645E+01    0.266E+03   -0.229E+03    0.369E+02
   0.646E+01    0.331E+03   -0.230E+03    0.102E+03
   0.647E+01    0.410E+03   -0.229E+03    0.181E+03
   0.648E+01    0.361E+03   -0.226E+03    0.135E+03
   0.649E+01    0.331E+03   -0.225E+03    0.106E+03
   0.650E+01    0.329E+03   -0.224E+03    0.106E+03
   0.651E+01    0.302E+03   -0.225E+03    0.778E+02
   0.652E+01    0.369E+03   -0.223E+03    0.147E+03
   0.653E+01    0.321E+03   -0.222E+03    0.997E+02
   0.654E+01    0.379E+03   -0.221E+03    0.159E+03
   0.655E+01    0.348E+03   -0.222E+03    0.125E+03
   0.656E+01    0.361E+03   -0.220E+03    0.141E+03
   0.657E+01    0.375E+03   -0.216E+03    0.159E+03
   0.658E+01    0.390E+03   -0.216E+03    0.174E+03
   0.659E+01    0.317E+03   -0.222E+03    0.957E+02
   0.660E+01    0.315E+03   -0.220E+03    0.958E+02
   0.661E+01    0.379E+03   -0.218E+03    0.161E+03
   0.662E+01    0.341E+03   -0.215E+03    0.126E+03
   0.663E+01    0.366E+03   -0.212E+03    0.154E+03
   0.664E+01    0.355E+03   -0.216E+03    0.139E+03
   0.665E+01    0.400E+03   -0.216E+03    0.184E+03
   0.666E+01    0.365E+03   -0.214E+03    0.151E+03
   0.667E+01    0.368E+03   -0.216E+03    0.152E+03
   0.668E+01    0.329E+03   -0.216E+03    0.113E+03
   0.669E+01    0.348E+03   -0.217E+03    0.131E+03
   0.670E+01    0.295E+03   -0.219E+03    0.755E+02
   0.671E+01    0.325E+03   -0.222E+03    0.103E+03
   0.672E+01    0.321E+03   -0.222E+03    0.998E+02
   0.673E+01    0.319E+03   -0.220E+03    0.995E+02
   0.674E+01    0.350E+03   -0.221E+03    0.129E+03
   0.675E+01    0.302E+03   -0.221E+03    0.816E+02
   0.676E+01    0.341E+03   -0.221E+03    0.120E+03
   0.677E+01    0.389E+03   -0.221E+03    0.168E+03
   0.678E+01    0.396E+03   -0.220E+03    0.176E+03
   0.679E+01    0.294E+03   -0.221E+03    0.739E+02
   0.680E+01    0.335E+03   -0.218E+03    0.116E+03
   0.681E+01    0.353E+03   -0.219E+03    0.134E+03
   0.682E+01    0.272E+03   -0.217E+03    0.553E+02
   0.683E+01    0.307E+03   -0.217E+03    0.898E+02
   0.684E+01    0.351E+03   -0.215E+03    0.136E+03
   0.685E+01    0.307E+03   -0.214E+03    0.933E+02
   0.686E+01    0.305E+03   -0.213E+03    0.920E+02
   0.687E+01    0.331E+03   -0.212E+03    0.120E+03
   0.688E+01    0.363E+03   -0.213E+03    0.150E+03
   0.689E+01    0.382E+03   -0.216E+03    0.166E+03
   0.690E+01    0.346E+03   -0.217E+03    0.129E+03
   0.691E+01    0.297E+03   -0.218E+03    0.794E+02
   0.692E+01    0.355E+03   -0.219E+03    0.135E+03
   0.693E+01    0.342E+03   -0.218E+03    0.124E+03
   0.694E+01    0.330E+03   -0.215E+03    0.115E+03
   0.695E+01    0.385E+03   -0.215E+03    0.170E+03
   0.696E+01    0.351E+03   -0.215E+03    0.137E+03
   0.697E+01    0.351E+03   -0.215E+03    0.136E+03
   0.698E+01    0.327E+03   -0.213E+03    0.114E+03
   0.699E+01    0.346E+03   -0.215E+03    0.131E+03
   0.700E+01    0.331E+03   -0.214E+03    0.117E+03
   0.701E+01    0.325E+03   -0.217E+03    0.109E+03
   0.702E+01    0.312E+03   -0.218E+03    0.944E+02
   0.703E+01    0.313E+03   -0.216E+03    0.971E+02
   0.704E+01    0.291E+03   -0.216E+03    0.759E+02
   0.705E+01    0.355E+03   -0.218E+03    0.137E+03
   0.706E+01    0.336E+03   -0.216E+03    0.120E+03
   0.707E+01    0.306E+03   -0.218E+03    0.883E+02
   0.708E+01    0.338E+03   -0.219E+03    0.119E+03
   0.709E+01    0.303E+03   -0.220E+03    0.832E+02
   0.710E+01    0.391E+03   -0.217E+03    0.174E+03
   0.711E+01    0.336E+03   -0.215E+03    0.121E+03
   0.712E+01    0.363E+03   -0.217E+03    0.146E+03
   0.713E+01    0.366E+03   -0.217E+03    0.149E+03
   0.714E+01    0.330E+03   -0.219E+03    0.111E+03
   0.715E+01    0.359E+03   -0.218E+03    0.142E+03
   0.716E+01    0.360E+03   -0.217E+03    0.143E+03
   0.717E+01    0.394E+03   -0.215E+03    0.179E+03
   0.718E+01    0.312E+03   -0.217E+03    0.949E+02
   0.719E+01    0.344E+03   -0.215E+03    0.129E+03
   0.720E+01    0.345E+03   -0.214E+03    0.130E+03
   0.721E+01    0.373E+03   -0.212E+03    0.161E+03
   0.722E+01    0.330E+03   -0.211E+03    0.119E+03
   0.723E+01    0.349E+03   -0.211E+03    0.137E+03
   0.724E+01    0.354E+03   -0.215E+03    0.138E+03
   0.725E+01    0.322E+03   -0.214E+03    0.109E+03
   0.726E+01    0.356E+03   -0.210E+03    0.145E+03
   0.727E+01    0.332E+03   -0.210E+03    0.122E+03
   0.728E+01    0.369E+03   -0.208E+03    0.161E+03
   0.729E+01    0.283E+03   -0.205E+03    0.779E+02
   0.730E+01    0.342E+03   -0.205E+03    0.137E+03
   0.731E+01    0.365E+03   -0.206E+03    0.158E+03
   0.732E+01    0.410E+03   -0.209E+03    0.201E+03
   0.733E+01    0.366E+03   -0.209E+03    0.157E+03
   0.734E+01    0.380E+03   -0.209E+03    0.172E+03
   0.735E+01    0.388E+03   -0.206E+03    0.182E+03
   0.736E+01    0.333E+03   -0.205E+03    0.127E+03
   0.737E+01    0.328E+03   -0.208E+03    0.121E+03
   0.738E+01    0.348E+03   -0.208E+03    0.141E+03
   0.739E+01    0.337E+03   -0.210E+03    0.126E+03
   0.740E+01    0.371E+03   -0.208E+03    0.163E+03
   0.741E+01    0.336E+03   -0.207E+03    0.129E+03
   0.742E+01    0.280E+03   -0.206E+03    0.741E+02
   0.743E+01    0.323E+03   -0.204E+03    0.119E+03
   0.744E+01    0.356E+03   -0.205E+03    0.151E+03
   0.745E+01    0.285E+03   -0.206E+03    0.782E+02
   0.746E+01    0.335E+03   -0.206E+03    0.128E+03
   0.747E+01    0.376E+03   -0.204E+03    0.172E+03
   0.748E+01    0.426E+03   -0.209E+03    0.217E+03
   0.749E+01    0.393E+03   -0.208E+03    0.185E+03
   0.750E+01    0.344E+03   -0.207E+03    0.137E+03
   0.751E+01    0.373E+03   -0.210E+03    0.163E+03
   0.752E+01    0.379E+03   -0.207E+03    0.172E+03
   0.753E+01    0.312E+03   -0.209E+03    0.104E+03
   0.754E+01    0.292E+03   -0.210E+03    0.820E+02
   0.755E+01    0.273E+03   -0.204E+03    0.684E+02
   0.756E+01    0.360E+03   -0.205E+03    0.156E+03
   0.757E+01    0.359E+03   -0.206E+03    0.153E+03
   0.758E+01    0.377E+03   -0.208E+03    0.169E+03
   0.759E+01    0.332E+03   -0.208E+03    0.124E+03
   0.760E+01    0.284E+03   -0.208E+03    0.759E+02
   0.761E+01    0.333E+03   -0.209E+03    0.124E+03
   0.762E+01    0.305E+03   -0.207E+03    0.980E+02
   0.763E+01    0.384E+03   -0.212E+03    0.172E+03
   0.764E+01    0.335E+03   -0.216E+03    0.119E+03
   0.765E+01    0.395E+03   -0.212E+03    0.183E+03
   0.766E+01    0.342E+03   -0.212E+03    0.130E+03
   0.767E+01    0.359E+03   -0.211E+03    0.148E+03
   0.768E+01    0.361E+03   -0.214E+03    0.147E+03
   0.769E+01    0.316E+03   -0.215E+03    0.100E+03
   0.770E+01    0.320E+03   -0.219E+03    0.101E+03
   0.771E+01    0.345E+03   -0.219E+03    0.125E+03
   0.772E+01    0.323E+03   -0.218E+03    0.105E+03
   0.773E+01    0.345E+03   -0.222E+03    0.123E+03
   0.774E+01    0.303E+03   -0.219E+03    0.835E+02
   0.775E+01    0.411E+03   -0.221E+03    0.190E+03
   0.776E+01    0.300E+03   -0.217E+03    0.825E+02
   0.777E+01    0.304E+03   -0.218E+03    0.863E+02
   0.778E+01    0.345E+03   -0.219E+03    0.126E+03
   0.779E+01    0.382E+03   -0.212E+03    0.170E+03
   0.780E+01    0.379E+03   -0.204E+03    0.175E+03
   0.781E+01    0.282E+03   -0.204E+03    0.786E+02
   0.782E+01    0.371E+03   -0.196E+03    0.175E+03
   0.783E+01    0.356E+03   -0.198E+03    0.157E+03
   0.784E+01    0.337E+03   -0.194E+03    0.144E+03
   0.785E+01    0.360E+03   -0.200E+03    0.160E+03
   0.786E+01    0.300E+03   -0.202E+03    0.980E+02
   0.787E+01    0.325E+03   -0.197E+03    0.128E+03
   0.788E+01    0.315E+03   -0.196E+03    0.119E+03
   0.789E+01    0.322E+03   -0.197E+03    0.125E+03
   0.790E+01    0.357E+03   -0.195E+03    0.162E+03
   0.791E+01    0.308E+03   -0.193E+03    0.115E+03
   0.792E+01    0.330E+03   -0.193E+03    0.137E+03
   0.793E+01    0.305E+03   -0.188E+03    0.117E+03
   0.794E+01    0.417E+03   -0.196E+03    0.220E+03
   0.795E+01    0.361E+03   -0.196E+03    0.165E+03
   0.796E+01    0.324E+03   -0.188E+03    0.136E+03
   0.797E+01    0.364E+03   -0.177E+03    0.186E+03
   0.798E+01    0.365E+03   -0.184E+03    0.182E+03
   0.799E+01    0.330E+03   -0.181E+03    0.150E+03
   0.800E+01    0.386E+03   -0.194E+03    0.192E+03
   0.801E+01    0.364E+03   -0.195E+03    0.169E+03
   0.802E+01    0.286E+03   -0.191E+03    0.948E+02
   0.803E+01    0.377E+03   -0.197E+03    0.181E+03
   0.804E+01    0.361E+03   -0.192E+03    0.169E+03
   0.805E+01    0.344E+03   -0.199E+03    0.145E+03
   0.806E+01    0.331E+03   -0.206E+03    0.126E+03
   0.807E+01    0.275E+03   -0.201E+03    0.739E+02
   0.808E+01    0.370E+03   -0.199E+03    0.172E+03
   0.809E+01    0.375E+03   -0.192E+03    0.183E+03
   0.810E+01    0.319E+03   -0.194E+03    0.125E+03
   0.811E+01    0.403E+03   -0.193E+03    0.211E+03
   0.812E+01    0.313E+03   -0.196E+03    0.117E+03
   0.813E+01    0.338E+03   -0.197E+03    0.142E+03
   0.814E+01    0.360E+03   -0.192E+03    0.168E+03
   0.815E+01    0.328E+03   -0.192E+03    0.136E+03
   0.816E+01    0.328E+03   -0.185E+03    0.143E+03
   0.817E+01    0.336E+03   -0.190E+03    0.146E+03
   0.818E+01    0.338E+03   -0.195E+03    0.144E+03
   0.819E+01    0.374E+03   -0.197E+03    0.176E+03
   0.820E+01    0.354E+03   -0.194E+03    0.160E+03
   0.821E+01    0.329E+03   -0.191E+03    0.138E+03
   0.822E+01    0.295E+03   -0.188E+03    0.106E+03
   0.823E+01    0.335E+03   -0.181E+03    0.154E+03
   0.824E+01    0.296E+03   -0.185E+03    0.111E+03
   0.825E+01    0.361E+03   -0.183E+03    0.178E+03
   0.826E+01    0.400E+03   -0.183E+03    0.217E+03
   0.827E+01    0.327E+03   -0.190E+03    0.137E+03
   0.828E+01    0.357E+03   -0.194E+03    0.164E+03
   0.829E+01    0.361E+03   -0.193E+03    0.168E+03
   0.830E+01    0.333E+03   -0.190E+03    0.143E+03
   0.831E+01    0.388E+03   -0.183E+03    0.205E+03
   0.832E+01    0.378E+03   -0.182E+03    0.196E+03
   0.833E+01    0.307E+03   -0.181E+03    0.126E+03
   0.834E+01    0.364E+03   -0.180E+03    0.184E+03
   0.835E+01    0.374E+03   -0.165E+03    0.209E+03
   0.836E+01    0.310E+03   -0.166E+03    0.144E+03
   0.837E+01    0.375E+03   -0.167E+03    0.208E+03
   0.838E+01    0.290E+03   -0.170E+03    0.120E+03
   0.839E+01    0.365E+03   -0.171E+03    0.194E+03
   0.840E+01    0.413E+03   -0.180E+03    0.233E+03
   0.841E+01    0.341E+03   -0.190E+03    0.151E+03
   0.842E+01    0.361E+03   -0.194E+03    0.168E+03
   0.843E+01    0.314E+03   -0.195E+03    0.119E+03
   0.844E+01    0.338E+03   -0.193E+03    0.145E+03
   0.845E+01    0.345E+03   -0.194E+03    0.152E+03
   0.846E+01    0.324E+03   -0.188E+03    0.136E+03
   0.847E+01    0.313E+03   -0.183E+03    0.130E+03
   0.848E+01    0.343E+03   -0.188E+03    0.154E+03
   0.849E+01    0.328E+03   -0.184E+03    0.145E+03
   0.850E+01    0.327E+03   -0.170E+03    0.157E+03
   0.851E+01    0.334E+03   -0.155E+03    0.179E+03
   0.852E+01    0.351E+03   -0.149E+03    0.202E+03
   0.853E+01    0.358E+03   -0.152E+03    0.206E+03
   0.854E+01    0.344E+03   -0.155E+03    0.188E+03
   0.855E+01    0.334E+03   -0.164E+03    0.170E+03
   0.856E+01    0.352E+03   -0.155E+03    0.197E+03
   0.857E+01    0.314E+03   -0.156E+03    0.158E+03
   0.858E+01    0.323E+03   -0.161E+03    0.162E+03
   0.859E+01    0.356E+03   -0.166E+03    0.190E+03
   0.860E+01    0.353E+03   -0.177E+03    0.175E+03
   0.861E+01    0.329E+03   -0.188E+03    0.141E+03
   0.862E+01    0.354E+03   -0.193E+03    0.161E+03
   0.863E+01    0.347E+03   -0.196E+03    0.151E+03
   0.864E+01    0.316E+03   -0.195E+03    0.121E+03
   0.865E+01    0.374E+03   -0.189E+03    0.185E+03
   0.866E+01    0.323E+03   -0.194E+03    0.130E+03
   0.867E+01    0.379E+03   -0.191E+03    0.188E+03
   0.868E+01    0.324E+03   -0.193E+03    0.131E+03
   0.869E+01    0.378E+03   -0.187E+03    0.191E+03
   0.870E+01    0.341E+03   -0.195E+03    0.147E+03
   0.871E+01    0.362E+03   -0.193E+03    0.169E+03
   0.872E+01    0.354E+03   -0.196E+03    0.158E+03
   0.873E+01    0.328E+03   -0.196E+03    0.132E+03
   0.874E+01    0.347E+03   -0.204E+03    0.143E+03
   0.875E+01    0.374E+03   -0.209E+03    0.165E+03
   0.876E+01    0.383E+03   -0.211E+03    0.172E+03
   0.877E+01    0.376E+03   -0.215E+03    0.161E+03
   0.878E+01    0.355E+03   -0.215E+03    0.140E+03
   0.879E+01    0.351E+03   -0.217E+03    0.134E+03
   0.880E+01    0.342E+03   -0.214E+03    0.128E+03
   0.881E+01    0.357E+03   -0.213E+03    0.143E+03
   0.882E+01    0.333E+03   -0.210E+03    0.124E+03
   0.883E+01    0.340E+03   -0.212E+03    0.128E+03
   0.884E+01    0.313E+03   -0.213E+03    0.100E+03
   0.885E+01    0.297E+03   -0.214E+03    0.839E+02
   0.886E+01    0.387E+03   -0.213E+03    0.175E+03
   0.887E+01    0.322E+03   -0.211E+03    0.111E+03
   0.888E+01    0.330E+03   -0.212E+03    0.118E+03
   0.889E+01    0.290E+03   -0.215E+03    0.751E+02
   0.890E+01    0.354E+03   -0.216E+03    0.138E+03
   0.891E+01    0.345E+03   -0.214E+03    0.131E+03
   0.892E+01    0.349E+03   -0.215E+03    0.134E+03
   0.893E+01    0.351E+03   -0.211E+03    0.139E+03
   0.894E+01    0.338E+03   -0.214E+03    0.124E+03
   0.895E+01    0.350E+03   -0.217E+03    0.134E+03
   0.896E+01    0.324E+03   -0.222E+03    0.102E+03
   0.897E+01    0.381E+03   -0.221E+03    0.159E+03
   0.898E+01    0.317E+03   -0.223E+03    0.937E+02
   0.899E+01    0.342E+03   -0.223E+03    0.119E+03
   0.900E+01    0.323E+03   -0.222E+03    0.101E+03
   0.901E+01    0.308E+03   -0.221E+03    0.868E+02
   0.902E+01    0.368E+03   -0.221E+03    0.147E+03
   0.903E+01    0.401E+03   -0.216E+03    0.185E+03
   0.904E+01    0.337E+03   -0.215E+03    0.122E+03
   0.905E+01    0.374E+03   -0.215E+03    0.160E+03
   0.906E+01    0.326E+03   -0.217E+03    0.109E+03
   0.907E+01    0.350E+03   -0.217E+03    0.133E+03
   0.908E+01    0.368E+03   -0.216E+03    0.152E+03
   0.909E+01    0.327E+03   -0.216E+03    0.111E+03
   0.910E+01    0.353E+03   -0.214E+03    0.140E+03
   0.911E+01    0.278E+03   -0.207E+03    0.715E+02
   0.912E+01    0.300E+03   -0.211E+03    0.891E+02
   0.913E+01    0.328E+03   -0.211E+03    0.117E+03
   0.914E+01    0.370E+03   -0.211E+03    0.159E+03
   0.915E+01    0.297E+03   -0.210E+03    0.871E+02
   0.916E+01    0.353E+03   -0.213E+03    0.140E+03
   0.917E+01    0.374E+03   -0.212E+03    0.162E+03
   0.918E+01    0.344E+03   -0.211E+03    0.134E+03
   0.919E+01    0.342E+03   -0.209E+03    0.133E+03
   0.920E+01    0.325E+03   -0.209E+03    0.116E+03
   0.921E+01    0.289E+03   -0.204E+03    0.847E+02
   0.922E+01    0.326E+03   -0.202E+03    0.124E+03
   0.923E+01    0.358E+03   -0.202E+03    0.156E+03
   0.924E+01    0.342E+03   -0.199E+03    0.143E+03
   0.925E+01    0.345E+03   -0.197E+03    0.148E+03
   0.926E+01    0.338E+03   -0.196E+03    0.143E+03
   0.927E+01    0.333E+03   -0.199E+03    0.134E+03
   0.928E+01    0.270E+03   -0.200E+03    0.700E+02
   0.929E+01    0.369E+03   -0.202E+03    0.167E+03
   0.930E+01    0.369E+03   -0.204E+03    0.166E+03
   0.931E+01    0.350E+03   -0.199E+03    0.151E+03
   0.932E+01    0.368E+03   -0.197E+03    0.171E+03
   0.933E+01    0.325E+03   -0.198E+03    0.127E+03
   0.934E+01    0.355E+03   -0.199E+03    0.156E+03
   0.935E+01    0.352E+03   -0.204E+03    0.149E+03
   0.936E+01    0.357E+03   -0.203E+03    0.153E+03
   0.937E+01    0.328E+03   -0.202E+03    0.126E+03
   0.938E+01    0.331E+03   -0.197E+03    0.134E+03
   0.939E+01    0.374E+03   -0.193E+03    0.181E+03
   0.940E+01    0.344E+03   -0.194E+03    0.150E+03
   0.941E+01    0.326E+03   -0.198E+03    0.129E+03
   0.942E+01    0.350E+03   -0.198E+03    0.152E+03
   0.943E+01    0.341E+03   -0.202E+03    0.139E+03
   0.944E+01    0.390E+03   -0.202E+03    0.187E+03
   0.945E+01    0.329E+03   -0.205E+03    0.124E+03
   0.946E+01    0.349E+03   -0.203E+03    0.146E+03
   0.947E+01    0.306E+03   -0.202E+03    0.105E+03
   0.948E+01    0.310E+03   -0.203E+03    0.106E+03
   0.949E+01    0.338E+03   -0.207E+03    0.131E+03
   0.950E+01    0.394E+03   -0.208E+03    0.185E+03
   0.951E+01    0.362E+03   -0.208E+03    0.154E+03
   0.952E+01    0.299E+03   -0.210E+03    0.885E+02
   0.953E+01    0.296E+03   -0.210E+03    0.860E+02
   0.954E+01    0.343E+03   -0.208E+03    0.135E+03
   0.955E+01    0.416E+03   -0.207E+03    0.209E+03
   0.956E+01    0.397E+03   -0.203E+03    0.195E+03
   0.957E+01    0.370E+03   -0.202E+03    0.168E+03
   0.958E+01    0.305E+03   -0.203E+03    0.102E+03
   0.959E+01    0.264E+03   -0.198E+03    0.662E+02
   0.960E+01    0.318E+03   -0.200E+03    0.118E+03
   0.961E+01    0.353E+03   -0.201E+03    0.152E+03
   0.962E+01    0.378E+03   -0.205E+03    0.173E+03
   0.963E+01    0.337E+03   -0.209E+03    0.128E+03
   0.964E+01    0.317E+03   -0.207E+03    0.110E+03
   0.965E+01    0.340E+03   -0.206E+03    0.134E+03
   0.966E+01    0.307E+03   -0.201E+03    0.106E+03
   0.967E+01    0.338E+03   -0.194E+03    0.144E+03
   0.968E+01    0.364E+03   -0.191E+03    0.173E+03
   0.969E+01    0.295E+03   -0.188E+03    0.107E+03
   0.970E+01    0.329E+03   -0.196E+03    0.134E+03
   0.971E+01    0.372E+03   -0.195E+03    0.177E+03
   0.972E+01    0.326E+03   -0.196E+03    0.130E+03
   0.973E+01    0.348E+03   -0.200E+03    0.148E+03
   0.974E+01    0.356E+03   -0.196E+03    0.160E+03
   0.975E+01    0.337E+03   -0.200E+03    0.137E+03
   0.976E+01    0.312E+03   -0.202E+03    0.110E+03
   0.977E+01    0.317E+03   -0.201E+03    0.116E+03
   0.978E+01    0.286E+03   -0.201E+03    0.842E+02
   0.979E+01    0.326E+03   -0.203E+03    0.123E+03
   0.980E+01    0.341E+03   -0.204E+03    0.136E+03
   0.981E+01    0.384E+03   -0.209E+03    0.175E+03
   0.982E+01    0.327E+03   -0.206E+03    0.121E+03
   0.983E+01    0.319E+03   -0.209E+03    0.110E+03
   0.984E+01    0.350E+03   -0.207E+03    0.143E+03
   0.985E+01    0.372E+03   -0.205E+03    0.167E+03
   0.986E+01    0.350E+03   -0.201E+03    0.149E+03
   0.987E+01    0.361E+03   -0.200E+03    0.161E+03
   0.988E+01    0.382E+03   -0.197E+03    0.185E+03
   0.989E+01    0.369E+03   -0.195E+03    0.174E+03
   0.990E+01    0.305E+03   -0.200E+03    0.105E+03
   0.991E+01    0.326E+03   -0.202E+03    0.124E+03
   0.992E+01    0.344E+03   -0.205E+03    0.139E+03
   0.993E+01    0.335E+03   -0.206E+03    0.129E+03
   0.994E+01    0.279E+03   -0.210E+03    0.684E+02
   0.995E+01    0.325E+03   -0.214E+03    0.111E+03
   0.996E+01    0.425E+03   -0.215E+03    0.210E+03
   0.997E+01    0.309E+03   -0.208E+03    0.100E+03
   0.998E+01    0.340E+03   -0.211E+03    0.129E+03
   0.999E+01    0.332E+03   -0.207E+03    0.125E+03
   0.100E+02    0.315E+03   -0.211E+03    0.104E+03
