  0.79852521000125798       0.56176768514208342       0.62829080282718075     
  0.40679756321948957       0.35727136077183219        1.6358019765610985     
  0.80779851998051988       0.41840561948656835        2.7289772178194762     
  0.59343887374513959       0.50299508528200509        4.4228281072402984     
  0.65331885416241886       0.63123828678650606        5.4553266811947720     
  0.33917935591063703        1.5486967301633590       0.47290473132096905     
  0.41688380631614896        1.7657773210218097        2.0206471608189855     
  0.71407286016978944        1.8641786772126050        2.9877734475902478     
  0.67355426877722879        1.7618373366416844        4.1059904769171833     
  0.56543837894348414        1.5984867189503207        5.3967369067448931     
  0.52786914511993610        3.3001504840004197       0.41270253967893755     
  0.38664730507681377        3.0919700555236913        1.9285888775890769     
  0.56475232420511323        2.8883427052502872        3.0811789914991627     
  0.72898070592367037        3.2746782137850308        4.1070579881452760     
  0.76047329678187936        3.0439422008302732        5.3883440994815333     
  0.82835734350004597        4.2742550605626848       0.36037404858012123     
  0.90365020977697752        4.2311533686088545        1.8250344592190759     
  0.35082669301570524        4.2483894893940137        2.9491675592103186     
  0.45925731981962076        4.3333923597844102        4.1118122183780539     
  0.56133545700649234        4.2951095899406271        5.4141106412505478     
  0.68933778501357268        5.2840706029866897       0.76409929051240122     
  0.31811409529164009        5.4280013277781940        2.1216041026665389     
  0.78570114225511190        5.2560358411590098        3.1787344761006242     
  0.47185507980109820        5.3277049784871515        4.2046753317985228     
  0.64906082600124426        5.6523230908766688        5.3909794808924856     
   1.9054847993390382       0.53438743659697796       0.69658188137516830     
   1.6707168495794844       0.67952312317415398        1.8083537888107062     
   2.0360760331917045       0.52272068864695476        2.8296348244019027     
   1.8705466970535165       0.57055193567999407        4.2289788552093661     
   1.9123576720411954       0.46940306499351109        5.5053044574130867     
   1.8273950500108505        1.5659873071157480       0.47912540303323481     
   1.7242894985280348        1.9502339135502966        1.8734134350134055     
   1.7563268268555698        1.6798688565513977        3.0278912419461821     
   1.7779164826600906        1.6747459000762444        4.3738686082718683     
   1.7017121153320034        1.5585486357815064        5.3212837428238720     
   1.5149359560563911        3.0514843938541363       0.73006682478560159     
   1.4783191398504427        3.0181415318667479        1.9968361176375946     
   1.8894725278947015        2.7511139276865713        3.0035505480354034     
   1.7282866951467011        2.8147518231385451        4.1640702607304965     
   1.9378455521518583        3.0671564625391023        5.4092297046842353     
   1.8847050032463042        3.9126369650745971       0.34744699320362388     
   1.9403590967744180        4.2341064000878950        2.0679703098248421     
   1.9214994782050621        4.2239088985650444        3.2020957204885740     
   1.7373609860187798        4.4657659294158041        4.4010213389931314     
   1.9979562409992253        4.1914468218302918        5.4390798624161265     
   1.8216022425193963        5.4360008027086080       0.73819041770263449     
   2.0503105251738698        5.4648940058059461        1.8164026493256515     
   1.9916249805431268        5.2830266441798130        2.9010938756202700     
   1.6564414712966418        5.6310259189845304        4.3502891326092401     
   1.9707110970858728        5.5363980791360303        5.7583389444440050     
   2.9441645949439947       0.49017668608082526       0.55581868792400058     
   2.8614599469994957       0.64476618928658347        1.7786578662318759     
   2.9343427118332204       0.80743094628534529        3.1040148260442360     
   2.9760183592115421       0.63643486925603965        4.3683626420241257     
   3.1518974388657308       0.56714230867019400        5.4801536144257224     
   3.1302994765948586        1.6767996111161712       0.83680256271591147     
   3.0401182421173951        1.6816088878663151        2.0228428848322069     
   2.7187591639121034        2.0172087746328073        3.1582430390747245     
   2.9165986291205512        1.7633227752287084        4.2134723169864614     
   2.8248726661220456        1.8728877324048587        5.3333938613007916     
   2.8048203180995541        2.7566863384615732       0.50894280001210279     
   2.8414340828240459        3.0602511191142820        1.8408074909159731     
   3.0631002144452002        2.9855063690181853        2.7388367210333895     
   2.9245553155152262        2.8250840194547280        4.0998146565367977     
   2.9799445066748391        3.1079670285532388        5.3210163832876587     
   2.9888834544313845        4.0449359283084636       0.78297965201908259     
   2.9138291541806383        4.1904733489072576        2.0550829813086970     
   3.0695735215680173        4.0558320864595201        3.0551418887967938     
   3.2130249368145636        3.9582306843628130        4.1022584404802371     
   3.1047674074333096        4.3297463149670401        5.7050616568804546     
   2.9952909248659618        5.4685772663513150       0.57287261003201184     
   2.8668067272665345        5.1016633842198500        1.5332100511699995     
   2.9607484912871938        5.2047635340343508        2.8876897219193731     
   2.9265098971640318        4.9761242563048720        4.0085622659406015     
   3.0271464578290708        5.5274225954998499        5.3738502185818575     
   4.3852169003676948       0.54753838401548338       0.60894102751480117     
   4.2371036050298878       0.29888302811348028        1.7978380485091212     
   4.0893746423907107       0.41127931124276584        3.1031919002406165     
   4.2566727794802395       0.45324518309967565        4.1095251597589959     
   4.1308708740303643       0.95815201468127953        5.2941628653312618     
   4.3080009178573766        1.8801370954063501       0.37860865315920195     
   4.0975887894784240        2.0234611580886805        1.4920809860427278     
   4.1008308791679005        1.7010230179368349        2.4365999285573174     
   4.0350255233070591        1.5174336462476095        4.2327610753325473     
   3.8700718844375861        2.0551020701696436        5.1585700831528980     
   4.0271326371228815        2.9598586649486895       0.65988302894577266     
   3.9556522391249751        2.9798352890148552        1.7055039869744533     
   4.2581180598462671        3.0118100129684788        2.7799172094075453     
   4.0748622283518570        3.0423781426906524        4.0507158606167426     
   4.2371554671526388        2.9284603387269135        5.3207408970044021     
   4.1715926540542680        3.9530739707871203       0.87230984663253919     
   4.1722603464674410        4.0560451453406534        1.9089820994427535     
   4.1874721040991050        4.0538494966934016        3.0782156102093952     
   4.0773783586041983        4.3038400595834663        4.3891898855271165     
   4.1352760275555074        4.0308954155410817        5.5984756327934537     
   3.9910716935285975        5.5081509370029194       0.71250478623505764     
   4.3030353757775330        5.3699015811460891        1.9478046857334439     
   4.5841404920349964        4.9740305282977326        3.1123694898887133     
   4.0149185424031648        5.4940074775779033        3.9441998338328528     
   4.3014038814252702        5.2934107516328526        5.3569340262234615     
   5.2718692345266982       0.81752932977107895       0.51683181504371412     
   5.3014217452854009       0.78852826539015486        2.0599873763401861     
   5.6865570335161948       0.66731549460619910        2.8713383026800661     
   5.5029404766568577       0.74628410348357077        4.4675507196982842     
   5.5586988903043251       0.31670468652907602        5.6732641653216014     
   5.2862108050296754        1.8796581103919225       0.59216974002826273     
   5.2017204239649812        1.8912261596691620        1.7991887720253124     
   5.5301046370570095        1.7445042000676223        3.0110001100063299     
   5.7168019068032816        1.8840888885405891        4.1342609804528001     
   5.2851049090839108        1.7544516040794571        5.1671458240219046     
   5.6221350895916871        2.7526177235112255       0.54448687498970627     
   5.3272751850227626        2.9372205609889779        2.1622217457217676     
   5.3322828492445140        3.0945173151233005        3.1210582842476429     
   5.5916375199714663        3.0909592443242389        4.2327994206466126     
   5.3274259444402379        3.0199391005903689        5.3851874377858717     
   5.6388088605181679        4.3147600801730590       0.66376079891359130     
   5.3607493243798912        4.3576181878696003        1.8807066451596901     
   5.1996274354280771        4.1074266598677811        3.0751120032507777     
   5.2483502099581596        4.2815986906360006        4.2033920657964599     
   5.1485206333251838        4.2402902125208017        5.6053219479960754     
   5.2854185300567789        5.3011375952350877        1.0617615954558168     
   5.3381809309027473        5.7079635932210699        1.9437262970351898     
   5.6725839206743744        5.3887102908028988        2.9222652648768106     
   5.3158906752561679        5.4028073196635997        4.2600374240612817     
   5.5882686663000634        5.2510468503803498        5.3591332125961566     
