  -1.35020119496819        1.35020119496819        1.35020119496819     
   1.35020119496819        1.35020119496819       -1.35020119496819     
   1.35020119496819        1.35020119496819       -1.35020119496819     
   1.35020119496819        1.35020119496819        1.35020119496819     
  -1.35020119496819        1.35020119496819        1.35020119496819     
  -1.35020119496819       -1.35020119496819       -1.35020119496819     
  -1.35020119496819        1.35020119496819       -1.35020119496819     
   1.35020119496819       -1.35020119496819       -1.35020119496819     
  -1.35020119496819        1.35020119496819       -1.35020119496819     
   1.35020119496819        1.35020119496819        1.35020119496819     
  -1.35020119496819        1.35020119496819       -1.35020119496819     
  -1.35020119496819       -1.35020119496819        1.35020119496819     
   1.35020119496819       -1.35020119496819        1.35020119496819     
   1.35020119496819        1.35020119496819       -1.35020119496819     
  -1.35020119496819       -1.35020119496819       -1.35020119496819     
   1.35020119496819        1.35020119496819        1.35020119496819     
   1.35020119496819       -1.35020119496819        1.35020119496819     
   1.35020119496819       -1.35020119496819       -1.35020119496819     
   1.35020119496819       -1.35020119496819        1.35020119496819     
   1.35020119496819        1.35020119496819       -1.35020119496819     
   1.35020119496819       -1.35020119496819        1.35020119496819     
   1.35020119496819        1.35020119496819        1.35020119496819     
   1.35020119496819       -1.35020119496819        1.35020119496819     
   1.35020119496819       -1.35020119496819        1.35020119496819     
   1.35020119496819       -1.35020119496819       -1.35020119496819     
   1.35020119496819       -1.35020119496819       -1.35020119496819     
   1.35020119496819       -1.35020119496819       -1.35020119496819     
  -1.35020119496819        1.35020119496819       -1.35020119496819     
  -1.35020119496819        1.35020119496819       -1.35020119496819     
   1.35020119496819        1.35020119496819       -1.35020119496819     
   1.35020119496819       -1.35020119496819        1.35020119496819     
  -1.35020119496819       -1.35020119496819       -1.35020119496819     
  -1.35020119496819       -1.35020119496819        1.35020119496819     
  -1.35020119496819        1.35020119496819        1.35020119496819     
   1.35020119496819       -1.35020119496819        1.35020119496819     
   1.35020119496819       -1.35020119496819       -1.35020119496819     
   1.35020119496819        1.35020119496819       -1.35020119496819     
   1.35020119496819       -1.35020119496819       -1.35020119496819     
  -1.35020119496819       -1.35020119496819        1.35020119496819     
  -1.35020119496819        1.35020119496819        1.35020119496819     
  -1.35020119496819        1.35020119496819        1.35020119496819     
   1.35020119496819       -1.35020119496819        1.35020119496819     
   1.35020119496819        1.35020119496819        1.35020119496819     
  -1.35020119496819        1.35020119496819       -1.35020119496819     
  -1.35020119496819       -1.35020119496819       -1.35020119496819     
  -1.35020119496819       -1.35020119496819       -1.35020119496819     
   1.35020119496819        1.35020119496819        1.35020119496819     
   1.35020119496819       -1.35020119496819       -1.35020119496819     
  -1.35020119496819        1.35020119496819       -1.35020119496819     
  -1.35020119496819       -1.35020119496819        1.35020119496819     
   1.35020119496819       -1.35020119496819       -1.35020119496819     
   1.35020119496819       -1.35020119496819       -1.35020119496819     
  -1.35020119496819        1.35020119496819        1.35020119496819     
  -1.35020119496819       -1.35020119496819       -1.35020119496819     
   1.35020119496819       -1.35020119496819        1.35020119496819     
   1.35020119496819        1.35020119496819       -1.35020119496819     
   1.35020119496819       -1.35020119496819        1.35020119496819     
   1.35020119496819        1.35020119496819        1.35020119496819     
  -1.35020119496819       -1.35020119496819        1.35020119496819     
  -1.35020119496819       -1.35020119496819        1.35020119496819     
   1.35020119496819        1.35020119496819        1.35020119496819     
  -1.35020119496819        1.35020119496819        1.35020119496819     
  -1.35020119496819        1.35020119496819        1.35020119496819     
   1.35020119496819        1.35020119496819        1.35020119496819     
